id,Status_C,Status_CL,Status_D
15000,0.948872,0.002177,0.048951
15001,0.994621,0.000476,0.004903
15002,0.639199,0.054174,0.306627
15003,0.022567,0.000141,0.977292
15004,0.968466,0.001149,0.030385
15005,0.286015,0.017931,0.696054
15006,0.945474,0.002987,0.051539
15007,0.949092,0.001993,0.048915
15008,0.857367,0.064548,0.078086
15009,0.900938,0.002792,0.09627
15010,0.948996,0.032005,0.018999
15011,0.957526,0.025584,0.01689
15012,0.027679,0.154709,0.817612
15013,0.986809,0.000874,0.012318
15014,0.973599,0.020757,0.005644
15015,0.981728,0.000181,0.018091
15016,0.879085,0.048812,0.072103
15017,0.959463,9.3e-05,0.040444
15018,0.93439,0.000394,0.065215
15019,0.970807,0.002933,0.02626
15020,0.978835,8.8e-05,0.021077
15021,0.96949,0.003999,0.026511
15022,0.940206,0.002186,0.057608
15023,0.014857,0.000991,0.984152
15024,0.824864,0.085419,0.089717
15025,0.947788,0.008512,0.043701
15026,0.108275,0.02092,0.870804
15027,0.565743,0.016857,0.417399
15028,0.905857,0.001876,0.092267
15029,0.871529,0.002283,0.126188
15030,0.515165,0.184293,0.300542
15031,0.968047,0.005325,0.026628
15032,0.844486,0.14655,0.008963
15033,0.65469,0.285406,0.059903
15034,0.966109,0.001573,0.032317
15035,0.893568,0.00255,0.103882
15036,0.980301,0.005785,0.013914
15037,0.504052,0.026177,0.469772
15038,0.639605,0.305866,0.054529
15039,0.533142,0.006648,0.46021
15040,0.990906,0.003937,0.005158
15041,0.09292,0.001922,0.905159
15042,0.387073,0.010779,0.602148
15043,0.017033,0.000185,0.982782
15044,0.938811,0.047717,0.013472
15045,0.03263,0.003355,0.964015
15046,0.045207,0.003431,0.951361
15047,0.887244,0.002006,0.11075
15048,0.94327,0.012819,0.043911
15049,0.957719,0.008152,0.034129
15050,0.08382,0.014384,0.901796
15051,0.975339,0.001867,0.022794
15052,0.877017,0.003992,0.118991
15053,0.94208,0.002887,0.055033
15054,0.931924,0.000418,0.067658
15055,0.171543,0.000303,0.828153
15056,0.876793,0.01549,0.107717
15057,0.836895,0.000826,0.162279
15058,0.96661,0.001417,0.031972
15059,0.918951,0.022289,0.05876
15060,0.006768,0.000742,0.99249
15061,0.989614,0.000892,0.009493
15062,0.98529,0.007043,0.007667
15063,0.018387,0.000568,0.981045
15064,0.722214,0.1543,0.123486
15065,0.965864,0.001837,0.032299
15066,0.680381,0.123877,0.195742
15067,0.940009,0.001584,0.058407
15068,0.942135,0.034747,0.023118
15069,0.613617,0.008156,0.378227
15070,0.808047,0.00017,0.191784
15071,0.013281,0.001136,0.985583
15072,0.341772,0.46842,0.189808
15073,0.013091,0.024651,0.962258
15074,0.974552,0.002222,0.023226
15075,0.861606,0.002757,0.135637
15076,0.511217,0.015769,0.473014
15077,0.002672,0.001463,0.995865
15078,0.005515,0.001111,0.993374
15079,0.984459,0.00044,0.015101
15080,0.010135,5.4e-05,0.989811
15081,0.128117,0.011158,0.860725
15082,0.991383,0.001625,0.006992
15083,0.956934,0.011095,0.03197
15084,0.964418,0.002138,0.033443
15085,0.907686,0.013165,0.079148
15086,0.515563,0.001005,0.483432
15087,0.984205,0.009251,0.006544
15088,0.953663,0.013534,0.032803
15089,0.977778,0.002512,0.01971
15090,0.993237,0.000495,0.006268
15091,5.6e-05,9e-06,0.999935
15092,0.801851,0.000955,0.197193
15093,0.826527,0.096847,0.076626
15094,0.893858,0.02223,0.083911
15095,0.239182,0.001946,0.758872
15096,0.988198,0.001597,0.010205
15097,0.992231,0.001029,0.006739
15098,0.987548,0.009256,0.003196
15099,0.778767,0.010577,0.210656
15100,0.943636,0.000556,0.055808
15101,0.968588,0.000267,0.031144
15102,0.988207,0.001107,0.010686
15103,0.042611,0.023515,0.933874
15104,0.975727,0.015387,0.008886
15105,0.974503,0.016052,0.009446
15106,0.255149,0.045787,0.699064
15107,0.98285,0.006566,0.010584
15108,0.047059,0.000267,0.952675
15109,0.006574,0.000408,0.993018
15110,0.919923,0.006811,0.073266
15111,0.977401,0.001057,0.021542
15112,0.011221,9.7e-05,0.988682
15113,0.977993,0.004324,0.017684
15114,0.02975,0.026698,0.943552
15115,0.971777,0.006961,0.021261
15116,0.804158,0.114133,0.081709
15117,0.27904,0.020619,0.700341
15118,0.267795,0.000128,0.732078
15119,0.755968,0.018279,0.225753
15120,0.250089,0.01558,0.734331
15121,0.131136,0.000754,0.86811
15122,0.955614,0.008557,0.035829
15123,0.788212,0.044937,0.166851
15124,0.160252,0.012789,0.826959
15125,0.830285,0.001056,0.168659
15126,0.002253,0.000306,0.997441
15127,0.282264,0.034827,0.682909
15128,0.702988,0.044111,0.252901
15129,0.955136,0.00281,0.042053
15130,0.73998,0.237647,0.022373
15131,0.885807,0.013767,0.100426
15132,0.652832,0.007048,0.34012
15133,0.000196,1.9e-05,0.999785
15134,0.632214,0.024696,0.34309
15135,0.936637,0.016876,0.046487
15136,0.977373,0.002146,0.020481
15137,0.981322,0.001236,0.017442
15138,0.992654,0.001523,0.005824
15139,0.928381,0.005625,0.065994
15140,0.980079,0.001533,0.018388
15141,0.926159,0.035003,0.038837
15142,0.995129,0.000942,0.003929
15143,0.968604,0.001973,0.029422
15144,0.698653,0.232352,0.068995
15145,0.874494,0.005042,0.120464
15146,0.967699,0.005441,0.02686
15147,0.927443,0.004156,0.068402
15148,0.988302,0.000462,0.011236
15149,0.67818,0.000667,0.321153
15150,0.470113,0.001036,0.528851
15151,0.932886,0.057667,0.009447
15152,0.895301,0.000182,0.104517
15153,0.945823,0.016857,0.03732
15154,0.389789,0.03712,0.573091
15155,0.519603,0.022285,0.458111
15156,0.840007,0.0288,0.131193
15157,0.983667,0.000958,0.015375
15158,0.283059,0.117714,0.599228
15159,0.051896,0.75341,0.194694
15160,0.007264,0.000291,0.992444
15161,0.925533,0.011344,0.063123
15162,0.928467,0.035763,0.03577
15163,0.870166,0.001381,0.128454
15164,0.001305,4.6e-05,0.998649
15165,0.954072,0.002793,0.043135
15166,0.965017,0.001099,0.033884
15167,0.230076,0.004681,0.765243
15168,0.911746,0.018222,0.070032
15169,0.757706,0.006403,0.235891
15170,0.990969,0.000554,0.008478
15171,0.110393,0.000896,0.888711
15172,0.964451,0.000387,0.035163
15173,0.972167,0.001233,0.0266
15174,0.894868,0.008326,0.096806
15175,0.967475,0.019476,0.013049
15176,0.9207,0.024731,0.054569
15177,0.850758,0.000174,0.149068
15178,0.958923,0.002877,0.0382
15179,0.950335,0.000164,0.049501
15180,0.955295,0.000403,0.044302
15181,0.859581,0.005712,0.134707
15182,0.858738,0.097255,0.044008
15183,0.920093,0.002636,0.077271
15184,0.967859,0.004478,0.027663
15185,0.016854,3e-05,0.983116
15186,0.415556,0.000439,0.584005
15187,0.253001,0.002247,0.744752
15188,0.989623,0.008427,0.001951
15189,0.381769,4.5e-05,0.618187
15190,0.772448,0.002937,0.224615
15191,0.841013,0.085669,0.073318
15192,0.400945,0.435165,0.16389
15193,0.751746,0.237921,0.010333
15194,0.502155,0.052067,0.445778
15195,0.102911,0.006001,0.891088
15196,0.046085,0.001868,0.952047
15197,0.014453,0.004535,0.981011
15198,0.915955,0.001371,0.082675
15199,0.805466,0.010315,0.184219
15200,0.941643,0.006394,0.051963
15201,0.84728,0.020249,0.132471
15202,0.806377,0.024329,0.169293
15203,0.981855,0.013055,0.00509
15204,0.37157,0.000541,0.627888
15205,0.002046,8.4e-05,0.99787
15206,0.01996,0.040476,0.939564
15207,0.97893,0.00164,0.01943
15208,0.31889,0.003025,0.678085
15209,0.001343,2.8e-05,0.998629
15210,0.991569,0.003286,0.005145
15211,0.907457,0.004461,0.088081
15212,0.967705,0.002506,0.029788
15213,0.992975,0.000849,0.006176
15214,0.237264,0.692309,0.070427
15215,0.002232,0.000297,0.997471
15216,0.903709,0.053876,0.042415
15217,0.007981,0.000855,0.991164
15218,0.982011,0.001996,0.015993
15219,0.801901,0.183459,0.01464
15220,0.913458,0.0062,0.080342
15221,0.00523,0.000113,0.994657
15222,0.905679,0.009253,0.085068
15223,0.180435,0.001133,0.818433
15224,0.940814,0.004872,0.054314
15225,0.406363,0.224663,0.368974
15226,0.775738,0.002707,0.221556
15227,0.529889,0.03841,0.431701
15228,0.809263,0.035707,0.15503
15229,0.724652,0.004073,0.271275
15230,0.022714,0.000316,0.97697
15231,0.812104,0.061887,0.12601
15232,0.942298,0.00488,0.052822
15233,0.76022,0.00618,0.2336
15234,0.953826,0.010241,0.035933
15235,0.557643,0.422143,0.020214
15236,0.984136,0.000727,0.015137
15237,0.792505,0.003014,0.204481
15238,0.635708,0.048522,0.315769
15239,0.962815,0.002441,0.034745
15240,0.877373,0.077606,0.045021
15241,0.017574,0.010952,0.971474
15242,0.161598,0.000864,0.837539
15243,0.879515,0.046577,0.073908
15244,0.054545,0.485497,0.459957
15245,0.965868,0.001699,0.032433
15246,0.003439,9.8e-05,0.996463
15247,0.967433,0.018986,0.013581
15248,0.715307,0.003905,0.280788
15249,0.022446,0.000169,0.977384
15250,0.962242,0.009193,0.028565
15251,0.032664,0.000645,0.966691
15252,0.974496,0.008973,0.01653
15253,0.867449,0.010863,0.121689
15254,0.356178,0.000739,0.643083
15255,0.011606,0.000502,0.987892
15256,0.976974,0.002115,0.020911
15257,0.400848,0.009007,0.590145
15258,0.985048,0.002103,0.012848
15259,0.932448,0.053473,0.014079
15260,0.216903,0.003438,0.77966
15261,0.943749,0.035336,0.020916
15262,0.838431,0.140207,0.021361
15263,0.89162,0.00309,0.105289
15264,0.890126,0.067067,0.042807
15265,0.698418,0.187361,0.114221
15266,0.023432,0.002024,0.974543
15267,0.884297,0.00592,0.109782
15268,0.976136,0.001008,0.022855
15269,0.174634,0.001691,0.823675
15270,0.989225,0.000606,0.010169
15271,0.977169,0.001185,0.021646
15272,0.971057,0.025918,0.003025
15273,0.165133,0.105542,0.729325
15274,0.792255,0.005853,0.201892
15275,0.012965,0.007651,0.979384
15276,0.320714,0.53091,0.148376
15277,0.936088,0.000835,0.063077
15278,0.932603,0.014524,0.052874
15279,0.303521,0.673907,0.022572
15280,0.934664,0.015718,0.049618
15281,0.970291,0.020363,0.009345
15282,0.662464,0.033042,0.304494
15283,0.973638,0.001835,0.024527
15284,0.090945,0.005812,0.903243
15285,0.296207,0.010475,0.693318
15286,0.047094,0.049234,0.903672
15287,0.981969,0.000463,0.017568
15288,0.987586,0.001237,0.011177
15289,0.174798,0.001428,0.823774
15290,0.991124,0.005737,0.003139
15291,0.934653,0.006008,0.059339
15292,0.586794,0.042732,0.370475
15293,0.099952,0.000209,0.899839
15294,0.989187,0.000669,0.010144
15295,0.782037,0.008671,0.209292
15296,0.031295,0.286157,0.682548
15297,0.966798,0.002512,0.03069
15298,0.954378,0.002561,0.043062
15299,0.884887,0.069145,0.045968
15300,0.985219,0.006263,0.008518
15301,0.641695,0.083498,0.274807
15302,0.956311,0.004663,0.039026
15303,0.931263,0.000372,0.068365
15304,0.966923,0.011725,0.021351
15305,0.981323,0.001457,0.01722
15306,0.579131,0.017028,0.403841
15307,0.977086,0.003706,0.019209
15308,0.044255,0.003811,0.951934
15309,0.980896,0.001954,0.01715
15310,0.994164,0.003562,0.002274
15311,0.035638,0.00323,0.961132
15312,0.91746,0.00945,0.07309
15313,0.744824,0.023446,0.23173
15314,0.905538,0.001502,0.09296
15315,0.733798,0.254265,0.011936
15316,0.968122,0.000355,0.031523
15317,0.918694,0.075154,0.006152
15318,0.945217,0.006623,0.04816
15319,0.083782,0.215597,0.700621
15320,0.965545,0.003497,0.030958
15321,0.906583,0.026788,0.06663
15322,0.706121,0.028801,0.265078
15323,0.916826,0.019808,0.063367
15324,0.964823,0.001794,0.033383
15325,0.576403,0.013238,0.410359
15326,0.94037,0.003298,0.056332
15327,0.602713,0.374847,0.02244
15328,0.069777,0.000579,0.929645
15329,0.955492,0.042731,0.001777
15330,0.247849,0.012662,0.739489
15331,0.742226,0.006841,0.250932
15332,0.935672,0.007752,0.056576
15333,0.6456,0.008163,0.346237
15334,0.036097,0.913359,0.050544
15335,0.096129,0.010818,0.893053
15336,0.899041,0.097009,0.00395
15337,0.982834,0.002727,0.014439
15338,0.150411,0.003796,0.845793
15339,0.048423,0.000214,0.951363
15340,0.274918,0.009184,0.715898
15341,0.912011,0.001519,0.08647
15342,0.540193,0.006711,0.453097
15343,0.92226,0.001246,0.076495
15344,0.410228,0.019987,0.569785
15345,0.726748,0.004599,0.268653
15346,0.974121,0.005498,0.020381
15347,0.483102,0.068062,0.448836
15348,0.816198,0.052928,0.130874
15349,0.012698,0.000165,0.987136
15350,0.629991,0.000412,0.369597
15351,0.078365,0.032093,0.889542
15352,0.769892,0.030976,0.199132
15353,0.978889,0.006718,0.014393
15354,0.988187,0.004462,0.00735
15355,0.978899,0.014742,0.006359
15356,0.977459,0.001391,0.021149
15357,0.660331,0.001463,0.338206
15358,0.981075,0.000117,0.018808
15359,0.92614,0.056712,0.017148
15360,0.928767,0.046239,0.024994
15361,0.89683,0.056124,0.047046
15362,0.989951,0.000263,0.009787
15363,0.469188,0.442308,0.088504
15364,0.051731,0.050463,0.897806
15365,0.94468,0.004382,0.050938
15366,0.662632,0.004163,0.333206
15367,0.982776,0.006554,0.01067
15368,0.823653,0.069476,0.10687
15369,0.91798,0.008623,0.073396
15370,0.91907,0.008557,0.072373
15371,0.614065,0.031523,0.354412
15372,0.832293,0.115115,0.052592
15373,0.883718,0.000882,0.1154
15374,0.825223,0.053278,0.1215
15375,0.939637,0.003182,0.057181
15376,0.440442,0.137983,0.421575
15377,0.995539,0.002295,0.002165
15378,0.821481,0.010261,0.168257
15379,0.932549,0.001498,0.065953
15380,0.040848,0.001937,0.957215
15381,0.001027,9.6e-05,0.998877
15382,0.992566,0.001886,0.005548
15383,0.959677,0.000871,0.039452
15384,0.931189,0.02554,0.043271
15385,0.027375,0.000253,0.972372
15386,0.492498,0.000334,0.507168
15387,0.93683,0.009868,0.053302
15388,0.002448,0.003515,0.994038
15389,0.01118,0.000516,0.988304
15390,0.881279,0.002563,0.116158
15391,0.645978,0.002907,0.351115
15392,0.816627,0.009715,0.173659
15393,0.955119,0.015271,0.029611
15394,0.311053,0.00217,0.686778
15395,0.822266,0.000198,0.177536
15396,0.975412,0.000956,0.023632
15397,0.92929,0.034632,0.036078
15398,0.7571,0.000656,0.242243
15399,0.959653,0.000617,0.039729
15400,0.98582,0.006244,0.007936
15401,0.928781,0.003037,0.068182
15402,0.005113,0.004969,0.989918
15403,0.909186,0.078658,0.012156
15404,0.908636,0.003633,0.087732
15405,0.982614,0.002797,0.014588
15406,0.885016,0.006721,0.108263
15407,0.053649,0.000996,0.945355
15408,0.94172,0.031881,0.026399
15409,0.006349,0.002738,0.990913
15410,0.989933,0.00264,0.007428
15411,0.893358,0.001001,0.105641
15412,0.489503,0.257512,0.252985
15413,0.563062,0.001233,0.435705
15414,0.967335,0.014858,0.017807
15415,0.011474,0.00019,0.988336
15416,0.535238,0.000363,0.464398
15417,0.083027,0.001033,0.91594
15418,0.001197,6.8e-05,0.998735
15419,0.335991,0.001984,0.662025
15420,0.464486,0.190434,0.345079
15421,0.9472,0.032014,0.020786
15422,0.009917,0.000933,0.98915
15423,0.813181,0.095304,0.091515
15424,0.973209,0.020379,0.006412
15425,0.975596,0.012678,0.011726
15426,0.980617,0.001329,0.018054
15427,0.528838,0.008596,0.462565
15428,0.97225,0.014689,0.013061
15429,0.954928,0.004477,0.040595
15430,0.918161,0.069681,0.012158
15431,0.001241,0.002939,0.99582
15432,0.011235,0.000989,0.987777
15433,0.755361,0.171259,0.07338
15434,0.515031,0.001299,0.483671
15435,0.46238,0.206527,0.331093
15436,0.868456,0.011073,0.12047
15437,0.782867,0.014309,0.202824
15438,0.948397,0.020113,0.03149
15439,0.980404,0.005711,0.013885
15440,0.960759,0.008677,0.030564
15441,0.910502,0.003363,0.086135
15442,0.976583,0.003814,0.019603
15443,0.992389,0.004759,0.002852
15444,0.826928,0.035177,0.137895
15445,0.99265,0.002904,0.004446
15446,0.991565,0.0009,0.007534
15447,0.963258,0.007257,0.029485
15448,0.962681,0.001219,0.036099
15449,0.47791,0.000837,0.521253
15450,0.992264,0.00341,0.004327
15451,0.980854,0.001117,0.018029
15452,0.227697,0.022721,0.749582
15453,0.972947,0.000828,0.026225
15454,0.924806,0.006617,0.068578
15455,0.938347,0.008722,0.052931
15456,0.567573,0.007247,0.425181
15457,0.895555,0.08331,0.021134
15458,0.000997,0.000146,0.998857
15459,0.487224,0.008371,0.504405
15460,0.078549,0.008437,0.913014
15461,0.963609,0.005945,0.030446
15462,0.952866,0.015309,0.031825
15463,0.534923,0.001398,0.463679
15464,0.534,0.004364,0.461636
15465,0.924136,0.026806,0.049059
15466,0.719931,0.051208,0.228861
15467,0.221859,0.0051,0.773041
15468,0.98299,0.014393,0.002617
15469,0.758816,0.002029,0.239154
15470,0.113205,0.00029,0.886505
15471,0.8786,8.2e-05,0.121319
15472,0.004659,1.8e-05,0.995323
15473,0.008338,0.000653,0.991009
15474,0.975457,0.001824,0.02272
15475,0.699676,0.033089,0.267235
15476,0.021553,0.000117,0.97833
15477,0.991455,0.000643,0.007902
15478,0.925278,0.008547,0.066175
15479,0.680517,0.010637,0.308846
15480,0.915268,0.005548,0.079184
15481,0.979837,0.002752,0.017411
15482,0.993804,0.000584,0.005613
15483,0.633403,0.016481,0.350116
15484,0.958045,0.00298,0.038975
15485,0.961843,0.002347,0.03581
15486,0.96967,0.000957,0.029373
15487,0.882678,0.064584,0.052738
15488,0.772013,0.003908,0.224079
15489,0.950391,0.005398,0.044211
15490,0.64417,0.002531,0.353299
15491,0.982225,0.000511,0.017264
15492,0.090722,0.001697,0.907582
15493,0.934799,0.007017,0.058184
15494,0.818877,0.109465,0.071659
15495,0.880409,0.01447,0.105121
15496,0.480232,0.006134,0.513635
15497,0.756134,0.073909,0.169957
15498,0.837589,0.080597,0.081815
15499,0.809291,0.037297,0.153411
15500,0.402733,0.009669,0.587598
15501,0.456956,0.480742,0.062302
15502,0.014247,0.000127,0.985626
15503,0.956935,0.001536,0.04153
15504,0.002664,0.000458,0.996878
15505,0.004192,0.001527,0.994281
15506,0.79914,0.002564,0.198296
15507,0.92362,0.044257,0.032122
15508,0.318208,0.173081,0.508711
15509,0.952891,0.008624,0.038485
15510,0.938055,0.006485,0.05546
15511,0.660637,0.070265,0.269098
15512,0.455225,0.449555,0.09522
15513,0.907482,0.014103,0.078416
15514,0.667131,0.004241,0.328628
15515,0.969036,0.00037,0.030594
15516,0.977409,0.016007,0.006584
15517,0.979015,0.000308,0.020677
15518,0.927896,0.002894,0.06921
15519,0.915036,0.024704,0.06026
15520,0.98023,0.000803,0.018966
15521,0.887041,0.011546,0.101413
15522,0.743971,0.026335,0.229694
15523,0.753397,0.002436,0.244167
15524,0.05339,0.005331,0.941279
15525,0.084412,0.008463,0.907125
15526,0.901308,0.003045,0.095647
15527,0.976872,0.002374,0.020754
15528,0.443077,0.31205,0.244873
15529,0.97199,0.001984,0.026025
15530,0.216699,0.008639,0.774662
15531,0.035052,0.009111,0.955838
15532,0.967412,0.012028,0.02056
15533,0.932046,0.001697,0.066258
15534,0.973675,0.013154,0.01317
15535,0.968039,0.006817,0.025145
15536,0.954076,0.008962,0.036962
15537,0.350457,0.065461,0.584081
15538,0.968104,0.003843,0.028053
15539,0.006902,0.000115,0.992983
15540,0.005273,0.000237,0.99449
15541,0.860372,0.051551,0.088076
15542,0.906198,0.005297,0.088505
15543,0.983589,0.000795,0.015616
15544,0.040616,0.008231,0.951153
15545,0.972,0.00342,0.02458
15546,0.742142,0.000425,0.257434
15547,0.002639,7.6e-05,0.997285
15548,0.980588,0.008307,0.011105
15549,0.979198,0.000866,0.019936
15550,0.405785,0.001591,0.592624
15551,0.000408,0.000193,0.999398
15552,0.915528,0.012108,0.072364
15553,0.334265,0.000935,0.6648
15554,0.859354,0.003099,0.137547
15555,0.862932,0.037703,0.099364
15556,0.958127,0.000616,0.041258
15557,0.984567,0.00117,0.014263
15558,0.004805,0.00069,0.994505
15559,0.896903,0.012214,0.090883
15560,0.232427,0.005109,0.762464
15561,0.001237,6.9e-05,0.998694
15562,0.029713,0.00147,0.968816
15563,0.883444,0.023485,0.093071
15564,0.787116,0.010726,0.202157
15565,0.970857,0.007523,0.02162
15566,0.969985,0.001263,0.028751
15567,0.244767,0.003236,0.751997
15568,0.975509,0.01862,0.005871
15569,0.53503,0.001658,0.463312
15570,0.192561,0.04825,0.759189
15571,0.974049,0.001813,0.024139
15572,0.986777,0.000375,0.012848
15573,0.97806,0.007873,0.014068
15574,0.698821,0.120923,0.180257
15575,0.075632,0.046439,0.877929
15576,0.072366,0.013465,0.914169
15577,0.006775,0.001489,0.991736
15578,0.983355,0.000908,0.015737
15579,0.712006,0.037474,0.250521
15580,0.731719,0.25411,0.014171
15581,0.915647,0.074394,0.00996
15582,0.909436,0.000974,0.089591
15583,0.979079,0.006671,0.01425
15584,0.189439,0.005218,0.805343
15585,0.008246,0.004646,0.987108
15586,0.635425,0.057267,0.307308
15587,0.946199,0.00339,0.050411
15588,0.699406,0.106428,0.194166
15589,0.947648,0.001786,0.050566
15590,0.98818,0.004822,0.006998
15591,0.961018,0.000643,0.038339
15592,0.980255,0.01422,0.005525
15593,0.489298,0.180476,0.330226
15594,0.176148,0.000799,0.823053
15595,0.76534,0.057607,0.177052
15596,0.041373,0.00069,0.957937
15597,0.94725,0.00044,0.05231
15598,0.66318,0.025947,0.310873
15599,0.996676,0.001637,0.001687
15600,0.489683,0.001439,0.508878
15601,0.013499,0.000187,0.986313
15602,0.990982,0.001033,0.007985
15603,0.316361,0.618026,0.065614
15604,0.915648,0.005838,0.078514
15605,0.959673,0.002892,0.037435
15606,0.581153,0.0244,0.394447
15607,0.991759,0.002061,0.00618
15608,0.943744,0.006453,0.049803
15609,0.747085,0.007181,0.245734
15610,0.030719,0.039502,0.92978
15611,0.981688,0.006246,0.012066
15612,0.437025,0.526912,0.036062
15613,0.975507,0.000712,0.02378
15614,0.20467,0.766707,0.028623
15615,0.003861,0.001592,0.994546
15616,0.056503,0.033674,0.909823
15617,0.749705,0.001509,0.248785
15618,0.923315,0.006032,0.070654
15619,0.975907,0.014062,0.01003
15620,0.767791,0.004387,0.227823
15621,0.980856,0.002737,0.016407
15622,0.014112,0.000368,0.985519
15623,0.96962,0.003555,0.026824
15624,0.92767,0.002789,0.069541
15625,0.188281,0.032278,0.779441
15626,0.983214,0.000712,0.016074
15627,0.035064,0.001603,0.963334
15628,0.965807,0.000588,0.033605
15629,0.982579,0.00151,0.015911
15630,0.931334,0.000672,0.067994
15631,0.005428,9.8e-05,0.994474
15632,0.9895,0.000889,0.009611
15633,0.992128,0.005563,0.00231
15634,0.040671,0.000304,0.959025
15635,0.68361,0.002357,0.314033
15636,0.837692,0.108504,0.053804
15637,0.811812,0.000759,0.18743
15638,0.962507,0.000605,0.036888
15639,0.978494,0.003568,0.017939
15640,0.966879,0.002857,0.030264
15641,0.92679,0.002113,0.071097
15642,0.604515,0.005502,0.389982
15643,0.900114,0.000932,0.098954
15644,0.939083,0.004117,0.0568
15645,0.087123,0.004945,0.907932
15646,0.986877,0.000308,0.012815
15647,0.092564,0.014019,0.893418
15648,0.937397,0.010473,0.05213
15649,0.064664,0.000322,0.935014
15650,0.365662,0.000201,0.634137
15651,0.992418,0.000583,0.006998
15652,0.938368,0.03513,0.026501
15653,0.791102,0.015598,0.1933
15654,0.637154,0.000659,0.362187
15655,0.851926,0.132664,0.01541
15656,0.600958,0.235032,0.164011
15657,0.052085,0.003034,0.944882
15658,0.205607,0.032132,0.762261
15659,0.294864,0.007178,0.697958
15660,0.882927,0.001418,0.115656
15661,0.907513,0.059003,0.033484
15662,0.109748,0.003084,0.887168
15663,0.776549,0.001929,0.221523
15664,0.149245,0.005909,0.844846
15665,0.484986,0.067027,0.447987
15666,0.838695,0.007676,0.153629
15667,0.676596,0.001491,0.321912
15668,0.936435,0.0165,0.047066
15669,0.794211,0.010095,0.195693
15670,0.995496,0.000171,0.004333
15671,0.731343,0.115932,0.152725
15672,0.950274,0.024296,0.02543
15673,0.954766,0.001257,0.043977
15674,0.897203,0.028397,0.0744
15675,0.917735,0.075007,0.007258
15676,0.865391,0.11656,0.01805
15677,0.951137,0.01167,0.037193
15678,0.979141,0.004347,0.016512
15679,0.915917,0.05344,0.030643
15680,0.988234,0.000216,0.011549
15681,0.985906,0.000927,0.013167
15682,0.996623,0.002314,0.001063
15683,0.918682,0.017059,0.06426
15684,0.422651,0.002306,0.575043
15685,0.840408,0.008549,0.151042
15686,0.036618,9.8e-05,0.963284
15687,0.63169,0.001197,0.367113
15688,0.958232,0.0013,0.040468
15689,0.691169,0.009026,0.299805
15690,0.082782,0.858418,0.0588
15691,0.769896,0.019371,0.210733
15692,0.707167,0.159208,0.133625
15693,0.64263,0.1482,0.20917
15694,0.2437,0.362019,0.39428
15695,0.972337,0.017642,0.010021
15696,0.777845,0.013272,0.208882
15697,0.981247,0.002779,0.015975
15698,0.777755,0.005571,0.216675
15699,0.994374,0.00022,0.005406
15700,0.000135,2e-06,0.999863
15701,0.003522,3e-05,0.996448
15702,0.977366,0.01433,0.008304
15703,0.921815,0.014402,0.063783
15704,0.005464,0.00915,0.985387
15705,0.009624,0.000385,0.989991
15706,0.038205,0.001177,0.960618
15707,0.738566,0.018605,0.24283
15708,0.82471,0.140655,0.034635
15709,0.972128,0.001603,0.02627
15710,0.736127,0.01162,0.252253
15711,0.123904,0.188904,0.687192
15712,0.973591,0.002422,0.023987
15713,0.906747,0.005009,0.088244
15714,0.875512,0.006062,0.118426
15715,0.974292,0.012967,0.01274
15716,0.947293,0.002874,0.049832
15717,0.957404,0.000648,0.041948
15718,0.918728,0.06633,0.014941
15719,0.976806,0.0043,0.018894
15720,0.984061,0.000617,0.015323
15721,0.981,0.011555,0.007445
15722,0.985303,0.007531,0.007167
15723,0.00487,0.001324,0.993807
15724,0.841334,0.004367,0.154299
15725,0.448307,0.097707,0.453986
15726,0.000637,1.5e-05,0.999349
15727,0.410372,0.0147,0.574928
15728,0.97292,0.018149,0.008931
15729,0.816022,0.12331,0.060667
15730,0.935865,0.022875,0.04126
15731,0.00114,3e-05,0.998829
15732,0.000154,1.8e-05,0.999829
15733,0.692347,0.002737,0.304916
15734,0.914502,0.019315,0.066183
15735,0.986922,0.000795,0.012283
15736,0.215484,0.009287,0.775229
15737,0.054219,0.149641,0.79614
15738,0.968207,0.003733,0.02806
15739,0.710536,0.144096,0.145368
15740,0.947971,0.042685,0.009344
15741,0.977918,0.004676,0.017407
15742,0.886469,0.031676,0.081854
15743,0.916645,0.009858,0.073497
15744,0.8385,0.120862,0.040638
15745,0.920809,0.019458,0.059732
15746,0.119133,0.011579,0.869288
15747,0.969683,0.003867,0.02645
15748,0.862545,0.018879,0.118577
15749,0.886944,0.018536,0.09452
15750,0.980426,0.004269,0.015304
15751,0.963513,0.005014,0.031474
15752,0.934955,0.009862,0.055183
15753,0.975121,0.005141,0.019738
15754,0.444699,0.536769,0.018531
15755,0.988706,0.006743,0.004551
15756,0.062399,7e-05,0.937531
15757,0.973882,0.003561,0.022558
15758,0.809109,0.079034,0.111857
15759,0.009249,0.000129,0.990622
15760,0.980902,0.002122,0.016976
15761,0.804384,0.019584,0.176032
15762,0.927333,0.008055,0.064612
15763,0.989062,0.001367,0.009572
15764,0.954212,0.006302,0.039486
15765,0.75243,0.014878,0.232692
15766,0.131707,0.486118,0.382175
15767,0.799189,0.002894,0.197917
15768,0.97571,0.001943,0.022347
15769,0.960683,0.002713,0.036604
15770,0.897034,0.003572,0.099394
15771,0.906,0.006971,0.08703
15772,0.562909,0.023839,0.413252
15773,0.975006,0.010032,0.014961
15774,0.886265,0.010871,0.102864
15775,0.882754,0.022003,0.095243
15776,0.839212,0.030972,0.129816
15777,0.005089,0.000542,0.994369
15778,0.957091,0.004121,0.038788
15779,0.946628,0.000238,0.053133
15780,0.006598,0.000406,0.992996
15781,0.904952,0.007332,0.087716
15782,0.399464,0.038046,0.56249
15783,0.964692,0.005175,0.030133
15784,0.002048,5.4e-05,0.997897
15785,0.207953,0.000489,0.791558
15786,9.5e-05,6e-06,0.999898
15787,0.205505,0.00059,0.793905
15788,0.976632,0.00019,0.023178
15789,0.909577,0.001866,0.088557
15790,0.847543,0.001279,0.151178
15791,0.31659,0.146891,0.536519
15792,0.743304,0.004773,0.251923
15793,0.821368,0.024738,0.153894
15794,0.71758,0.06305,0.219371
15795,0.903055,0.033349,0.063596
15796,0.830954,0.127587,0.041459
15797,0.894725,0.004698,0.100577
15798,0.024546,0.000214,0.97524
15799,0.961892,0.02201,0.016098
15800,0.943761,0.008548,0.047692
15801,0.977681,0.004862,0.017457
15802,0.004937,0.000597,0.994467
15803,0.211677,0.060336,0.727987
15804,0.532921,0.01791,0.44917
15805,0.963731,0.014903,0.021367
15806,0.851161,0.022922,0.125917
15807,0.9027,0.005062,0.092238
15808,0.00686,0.001458,0.991683
15809,0.888513,0.037535,0.073952
15810,0.920056,0.064889,0.015055
15811,0.987251,0.000915,0.011834
15812,0.975609,0.003953,0.020439
15813,0.723942,0.028795,0.247263
15814,0.987656,0.003398,0.008945
15815,0.858032,0.017789,0.124179
15816,0.974963,0.017449,0.007588
15817,0.964894,0.001017,0.034088
15818,0.868427,0.005001,0.126572
15819,0.963459,0.003211,0.033331
15820,0.891298,0.001509,0.107192
15821,0.846129,0.067818,0.086054
15822,0.400126,0.02114,0.578734
15823,0.976534,0.019561,0.003905
15824,0.901937,0.001808,0.096255
15825,0.125417,0.012044,0.862538
15826,0.561318,0.001692,0.436989
15827,0.155895,0.000726,0.843379
15828,0.849695,0.013196,0.137109
15829,0.00199,0.000156,0.997854
15830,0.936689,0.014407,0.048904
15831,0.966111,0.00083,0.033059
15832,0.466043,0.50235,0.031607
15833,0.008628,0.001003,0.990369
15834,0.900215,0.00337,0.096415
15835,0.978709,0.001855,0.019435
15836,0.073621,0.150234,0.776145
15837,0.824132,0.094132,0.081736
15838,0.925916,0.003168,0.070916
15839,0.869074,0.010238,0.120688
15840,0.912425,0.000341,0.087234
15841,0.959404,0.009755,0.030841
15842,0.115331,0.000684,0.883985
15843,0.97082,0.024079,0.005101
15844,0.599449,0.006142,0.394409
15845,0.229984,0.007833,0.762183
15846,0.983755,0.000282,0.015964
15847,0.943448,0.003407,0.053145
15848,0.00078,4e-05,0.999181
15849,0.740997,0.004397,0.254607
15850,0.029865,0.006493,0.963641
15851,0.867695,0.009202,0.123103
15852,0.971638,0.003716,0.024646
15853,0.351321,0.008173,0.640506
15854,0.976963,0.001387,0.02165
15855,0.96828,0.019679,0.012041
15856,0.731288,0.002562,0.26615
15857,0.003013,4.7e-05,0.99694
15858,0.990644,0.00637,0.002985
15859,0.974221,0.002209,0.02357
15860,0.285802,0.653949,0.06025
15861,0.060512,0.396073,0.543415
15862,0.869794,0.009115,0.121091
15863,0.928116,0.004654,0.06723
15864,0.003691,0.008048,0.988262
15865,0.200454,0.699155,0.100391
15866,0.337906,0.005906,0.656188
15867,0.007253,0.000115,0.992631
15868,0.705396,0.001595,0.293009
15869,0.854767,0.082402,0.062831
15870,0.742985,0.001183,0.255832
15871,0.972327,0.008413,0.01926
15872,0.954719,0.002565,0.042716
15873,0.992832,0.004464,0.002704
15874,0.974413,0.000813,0.024774
15875,0.955211,0.004157,0.040633
15876,0.169695,0.000309,0.829997
15877,0.985794,0.002892,0.011315
15878,0.947169,0.022234,0.030598
15879,0.940036,0.00644,0.053523
15880,0.90748,0.012775,0.079745
15881,0.921295,0.002672,0.076034
15882,0.739438,0.009365,0.251197
15883,0.97765,0.006919,0.015431
15884,0.764262,0.016274,0.219464
15885,0.85901,0.005135,0.135855
15886,0.990612,0.003596,0.005792
15887,0.298738,0.175239,0.526022
15888,0.404095,0.561714,0.034191
15889,0.976666,0.000699,0.022636
15890,0.150852,0.000365,0.848783
15891,0.005845,0.00026,0.993896
15892,0.232612,0.001968,0.76542
15893,0.119317,0.020052,0.860631
15894,0.010803,0.006847,0.98235
15895,0.91436,0.072246,0.013395
15896,0.788679,0.1887,0.022621
15897,0.007488,0.018662,0.97385
15898,0.986223,0.000456,0.013321
15899,0.984814,0.006838,0.008348
15900,0.463027,0.000145,0.536828
15901,0.084621,0.047195,0.868184
15902,0.079607,0.000499,0.919894
15903,0.205794,0.008008,0.786199
15904,0.396059,0.008428,0.595512
15905,0.976221,0.00244,0.021339
15906,0.958231,0.03416,0.007609
15907,0.004827,3.1e-05,0.995142
15908,0.000219,6e-06,0.999774
15909,0.552434,0.004902,0.442664
15910,0.989324,0.001947,0.008729
15911,0.326947,0.002763,0.670291
15912,0.511649,0.012978,0.475373
15913,0.529026,0.000447,0.470527
15914,0.961728,0.00403,0.034242
15915,0.996314,0.000196,0.00349
15916,0.675129,0.275637,0.049234
15917,0.919946,0.001458,0.078596
15918,0.96068,0.005747,0.033573
15919,0.07578,0.000799,0.923422
15920,0.837793,0.001994,0.160214
15921,0.97708,0.011103,0.011818
15922,0.004443,0.005408,0.990149
15923,0.989992,0.004173,0.005835
15924,0.52563,0.034296,0.440074
15925,0.919826,0.005777,0.074397
15926,0.986884,0.001924,0.011193
15927,0.955546,0.007468,0.036986
15928,0.010551,0.000788,0.988661
15929,0.05664,0.005274,0.938086
15930,0.883208,0.000509,0.116283
15931,0.959664,0.006188,0.034148
15932,0.960514,0.003325,0.036161
15933,0.036965,0.008043,0.954992
15934,0.981705,0.003171,0.015124
15935,0.307607,0.666583,0.02581
15936,0.991781,0.000444,0.007775
15937,0.797185,0.006953,0.195862
15938,0.926679,0.01387,0.059451
15939,0.978167,0.002203,0.019631
15940,0.991245,0.000641,0.008114
15941,0.984225,0.005977,0.009798
15942,0.967242,0.000689,0.032069
15943,0.003318,0.001632,0.99505
15944,0.815271,0.118536,0.066194
15945,0.001606,0.000212,0.998182
15946,0.330056,0.009358,0.660586
15947,0.990709,0.00027,0.00902
15948,0.972642,0.001987,0.025371
15949,0.910746,0.001182,0.088072
15950,0.822249,0.040011,0.13774
15951,0.98774,0.007087,0.005173
15952,0.824214,0.056053,0.119733
15953,0.10478,0.000419,0.894801
15954,0.943593,0.015491,0.040916
15955,0.01563,0.005973,0.978397
15956,0.013963,0.003216,0.982821
15957,0.058271,0.000311,0.941418
15958,0.752564,0.001349,0.246087
15959,0.685644,0.004435,0.309921
15960,0.032272,0.005554,0.962174
15961,0.656094,0.131535,0.212371
15962,0.971963,0.004253,0.023784
15963,0.034499,0.142769,0.822732
15964,0.964973,0.005012,0.030015
15965,0.668252,0.002216,0.329532
15966,0.990572,0.004092,0.005337
15967,0.396148,0.575437,0.028414
15968,0.887512,0.055603,0.056884
15969,0.659568,0.144073,0.196358
15970,0.979342,0.001294,0.019364
15971,0.987455,0.010082,0.002463
15972,0.978265,0.004413,0.017322
15973,0.406568,0.540356,0.053076
15974,0.984464,0.003095,0.012442
15975,0.835153,0.100849,0.063999
15976,0.710108,0.028433,0.261459
15977,0.135756,0.000487,0.863758
15978,0.811412,0.057318,0.13127
15979,0.564387,0.094211,0.341402
15980,0.890581,0.010061,0.099359
15981,0.972387,0.003689,0.023924
15982,0.901551,0.001929,0.09652
15983,0.679274,0.001138,0.319588
15984,0.992038,0.00372,0.004242
15985,0.994076,0.000168,0.005756
15986,0.88491,0.001211,0.113879
15987,0.04934,0.001381,0.949279
15988,0.954541,0.013852,0.031607
15989,0.747529,0.099362,0.153109
15990,0.005379,0.007527,0.987094
15991,0.548129,0.00207,0.449801
15992,0.935762,0.001735,0.062503
15993,0.004932,0.002061,0.993007
15994,0.549835,0.005398,0.444767
15995,0.979064,0.010794,0.010142
15996,0.985693,0.001063,0.013244
15997,0.89589,0.054182,0.049929
15998,0.464605,0.093121,0.442273
15999,0.937178,0.028745,0.034077
16000,0.027965,0.00597,0.966065
16001,0.961645,0.000992,0.037363
16002,0.890282,0.009615,0.100102
16003,0.601497,0.001852,0.396652
16004,0.872197,0.021846,0.105957
16005,0.931722,0.007529,0.060749
16006,0.330976,0.000635,0.668389
16007,0.825416,0.129403,0.045181
16008,0.783036,0.006852,0.210112
16009,0.118567,0.006306,0.875127
16010,0.585141,0.10528,0.30958
16011,0.003647,0.000262,0.996092
16012,0.896157,0.004157,0.099686
16013,0.929159,0.000649,0.070192
16014,0.989344,0.008035,0.00262
16015,0.94926,0.002536,0.048204
16016,0.986427,0.000795,0.012778
16017,0.245934,0.242522,0.511545
16018,0.167274,0.011749,0.820976
16019,0.885402,0.108645,0.005953
16020,0.925951,0.002826,0.071223
16021,0.948967,0.000461,0.050572
16022,0.853858,0.005164,0.140979
16023,0.960842,0.004888,0.03427
16024,0.94548,0.00077,0.05375
16025,0.917186,0.00584,0.076974
16026,0.011384,0.002488,0.986128
16027,0.01891,0.000468,0.980622
16028,0.733828,0.008115,0.258057
16029,0.97004,0.003998,0.025961
16030,0.875181,0.031053,0.093766
16031,0.883626,0.003453,0.112921
16032,0.989393,0.001477,0.00913
16033,0.360287,0.00496,0.634753
16034,0.986326,0.008314,0.00536
16035,0.58783,0.031676,0.380494
16036,0.807001,0.017023,0.175977
16037,0.898519,0.005827,0.095655
16038,0.657037,0.175846,0.167118
16039,0.982473,0.010611,0.006916
16040,0.948746,0.006205,0.045049
16041,0.877954,0.084767,0.037279
16042,0.991539,0.0025,0.005961
16043,0.971129,0.000879,0.027992
16044,0.555354,0.139443,0.305203
16045,0.893729,0.005881,0.10039
16046,0.990316,0.000507,0.009177
16047,0.969513,0.002889,0.027598
16048,0.715098,0.052253,0.232649
16049,0.716001,0.073425,0.210574
16050,0.939139,0.019217,0.041643
16051,0.801318,0.001577,0.197105
16052,0.352403,0.095026,0.55257
16053,0.00471,0.000299,0.99499
16054,0.897626,0.006294,0.096079
16055,0.953595,0.005063,0.041342
16056,0.270071,0.004813,0.725116
16057,0.001173,2.5e-05,0.998801
16058,0.032698,0.003974,0.963328
16059,0.986581,0.004273,0.009145
16060,0.263019,0.006253,0.730728
16061,0.976032,0.000651,0.023317
16062,0.840454,0.008157,0.15139
16063,0.577073,0.220677,0.20225
16064,0.986968,0.008054,0.004978
16065,0.286183,0.000793,0.713024
16066,0.983224,0.005329,0.011447
16067,0.591323,0.004785,0.403893
16068,0.04992,0.000889,0.94919
16069,0.991068,0.003684,0.005247
16070,0.997622,0.000719,0.001658
16071,0.037847,7.2e-05,0.962081
16072,0.948636,0.007457,0.043907
16073,0.94597,0.042836,0.011194
16074,0.933994,0.014016,0.05199
16075,0.798196,0.199978,0.001826
16076,0.991688,0.003035,0.005277
16077,0.501292,0.003697,0.49501
16078,0.873685,0.001605,0.12471
16079,0.354028,0.000964,0.645008
16080,0.091478,0.02546,0.883062
16081,0.975455,0.010408,0.014138
16082,0.985342,0.003595,0.011062
16083,0.99603,0.000658,0.003312
16084,0.00262,7.8e-05,0.997302
16085,0.889605,0.045249,0.065146
16086,0.8864,0.014778,0.098822
16087,0.986146,0.000386,0.013468
16088,0.86986,0.005994,0.124146
16089,0.968773,0.009602,0.021625
16090,0.934666,0.062994,0.002339
16091,0.96172,0.023628,0.014651
16092,0.978978,0.015021,0.006001
16093,0.713458,0.09368,0.192862
16094,0.259253,0.132067,0.608679
16095,0.840443,0.003064,0.156493
16096,0.638713,0.005457,0.35583
16097,0.0005,0.000553,0.998947
16098,0.60725,0.001624,0.391126
16099,0.971026,0.000946,0.028028
16100,0.310369,0.001968,0.687663
16101,0.897985,0.005072,0.096943
16102,0.97204,0.025154,0.002806
16103,0.968057,0.029138,0.002805
16104,0.98099,0.014998,0.004012
16105,0.05525,0.199181,0.745568
16106,0.005491,0.000206,0.994303
16107,0.077691,0.000705,0.921604
16108,0.975071,0.005374,0.019556
16109,0.889032,0.004673,0.106295
16110,0.424325,0.062588,0.513087
16111,0.907043,0.034477,0.05848
16112,0.979749,0.0079,0.012351
16113,0.021291,0.019024,0.959685
16114,0.135082,0.043637,0.821282
16115,0.838128,0.000796,0.161076
16116,0.878988,0.054559,0.066453
16117,0.003151,0.001073,0.995776
16118,0.978917,0.007797,0.013286
16119,0.91037,0.079495,0.010136
16120,0.916067,0.00638,0.077552
16121,0.978517,0.006354,0.015129
16122,0.966266,0.001203,0.032531
16123,0.979189,0.000902,0.019908
16124,0.323973,0.007418,0.668609
16125,0.925129,0.03451,0.040362
16126,0.074839,0.003287,0.921875
16127,0.906967,0.003184,0.089849
16128,0.015982,0.002607,0.981411
16129,0.894442,0.000828,0.10473
16130,0.474568,0.494221,0.031211
16131,0.960573,0.021467,0.017961
16132,0.208741,0.011933,0.779326
16133,0.504259,0.002211,0.49353
16134,0.984784,0.006421,0.008795
16135,0.795729,0.046682,0.157589
16136,0.876799,0.001324,0.121877
16137,0.921317,0.036518,0.042165
16138,0.952924,0.00684,0.040237
16139,0.185752,0.000593,0.813655
16140,0.001484,0.000216,0.9983
16141,0.857541,0.095578,0.046881
16142,0.865071,0.003642,0.131287
16143,0.885077,0.003409,0.111513
16144,0.140754,0.001483,0.857763
16145,0.98767,0.000861,0.011469
16146,0.954279,0.000104,0.045617
16147,0.014568,0.000111,0.985321
16148,0.39739,0.00165,0.60096
16149,0.968322,0.024349,0.00733
16150,0.612953,0.004472,0.382575
16151,0.785697,0.000205,0.214097
16152,0.252676,0.002009,0.745314
16153,0.071449,0.000361,0.92819
16154,0.851651,0.136716,0.011633
16155,0.898315,0.00396,0.097725
16156,0.956938,0.032433,0.010629
16157,0.714722,0.06952,0.215757
16158,0.969987,0.004922,0.025092
16159,0.235703,0.010889,0.753408
16160,0.938551,0.038035,0.023414
16161,0.00055,4.8e-05,0.999402
16162,0.927516,0.002502,0.069981
16163,0.58399,0.038121,0.377889
16164,0.000554,1.6e-05,0.999431
16165,0.982613,0.001201,0.016187
16166,0.000711,9.8e-05,0.99919
16167,0.996728,0.002281,0.000991
16168,0.945747,0.036555,0.017698
16169,0.951042,0.034032,0.014926
16170,0.983971,0.011499,0.00453
16171,0.956372,0.019884,0.023744
16172,0.483333,0.007594,0.509073
16173,0.94001,0.002316,0.057674
16174,0.976754,0.010859,0.012388
16175,0.977821,0.016954,0.005225
16176,0.721627,0.011062,0.267311
16177,0.000164,1.6e-05,0.99982
16178,0.867419,0.113535,0.019046
16179,0.939848,0.003538,0.056614
16180,0.977894,0.001727,0.020379
16181,0.108518,0.01245,0.879032
16182,0.965152,0.019457,0.015391
16183,0.910361,0.059408,0.030231
16184,0.95943,0.002362,0.038208
16185,0.265157,0.001985,0.732859
16186,0.928416,0.035897,0.035687
16187,0.830431,0.107377,0.062192
16188,0.973447,0.000982,0.02557
16189,0.962234,0.004213,0.033552
16190,0.861518,0.053509,0.084973
16191,0.975334,0.000141,0.024525
16192,0.935809,0.002786,0.061405
16193,0.741392,0.01816,0.240448
16194,0.87804,0.060617,0.061344
16195,0.984893,0.006198,0.008909
16196,0.047321,0.007634,0.945045
16197,0.026426,0.100531,0.873043
16198,0.971709,0.009798,0.018493
16199,0.02085,0.002078,0.977071
16200,0.500481,0.000309,0.49921
16201,0.796998,0.040322,0.16268
16202,7.6e-05,5e-06,0.999918
16203,0.988839,0.001077,0.010084
16204,0.054838,0.003,0.942162
16205,0.024244,6.2e-05,0.975694
16206,0.891589,0.002053,0.106359
16207,0.792857,0.085443,0.1217
16208,0.876915,0.00774,0.115346
16209,0.270341,0.001304,0.728355
16210,0.94363,0.004507,0.051863
16211,0.982048,0.000808,0.017144
16212,0.2256,0.01803,0.756371
16213,0.632769,0.013173,0.354058
16214,0.963673,0.019507,0.01682
16215,0.758735,0.000566,0.240699
16216,0.009773,5.5e-05,0.990173
16217,0.827822,0.00245,0.169728
16218,0.973711,0.016081,0.010208
16219,0.953099,0.02863,0.018271
16220,0.829145,0.029294,0.141561
16221,0.9838,0.007293,0.008907
16222,0.929276,0.00307,0.067654
16223,0.905739,0.002058,0.092203
16224,0.849254,0.141658,0.009089
16225,0.421178,0.010892,0.56793
